4.924902 0.8602749 6.870628 13.80747 2.007758
19.51412 38.65372 4.625837 2.005435 2.144957
1.996251 16.56002 2.158162 23.93048 109.5049
98.80624 0 0 89.25273 12.67540
0 77.63341 111.9898 0.3472068 25.76681
105.8438 4.599735 4.136362 194.9121 28.75588
0 7.161383 25.20785 23.74492 36.81732
0 2.804197 155.2449 24.55192 8.94618
2.108715 32.40771 135.9789 12.56647 0.2166531
72.93147 0 0 0 152.296
46.66094 0 26.95451 0 3.273889
0.7816661 184.9187 37.46282 35.39264 1.524627
0.7029946 0 3.465655 1.461396 0.711432
9.385255 3.494874 0 6.448028 6.928582
7.952352 0 43.075 39.82359 4.056998
7.20836 0 0 93.79221 0
248.5947 10.61089 47.73038 220.3747 17.52619
68.15398 6.45541 258.2596 0.6666368 15.46047
48.03326 4.58435 0 34.23055 8.67696
2.284203 0 0.2254387 0 29.06670
1.558723 0 0.1334631 30.21736 4.575941
0.3573184 3.004882 1.836236 5.851837 0.5983738
1.216219 7.708707 0.7488265 1.433225 1.389087
6.481565 1.453155 0 0.3407716 56.28198
5.622201 3.826281 0 7.662412 1.573581
19.0571 0 0 9.0093 29.62021
10.14847 4.404708 5.321367 147.3039 3.937575
71.70676 2.315420 218.3707 24.30705 0.5667004
4.944673 62.85114 0 0.0005524037 270.7954
0.3879293 134.1258 80.25152 10.57239 20.00012
2.914587 9.94917 4.883737 48.61948 32.89804
0.2837427 1.775621 6.719606 19.69929 0.1561063
0 1.967684 8.584296 0 7.607384
125.9092 11.63572 0 103.4956 0
27.79366 1.874586 2.152752 180.9981 13.29535
80.13811 14.21929 0 0 3.526454
159.8057 9.071376 21.54187 5.52585 5.13259
0.4907489 14.91815 18.80117 0.08542692 1
